3 0.000789
3 0
3 0.000395
3 0
3 0.000395
3 0.000394
3 0.000395
3 0.000394
3 0
3 0
4 0.000395
4 0.000395
4 0.000395
4 0.000394
4 0.000395
4 0.000395
4 0.000395
4 0.000395
4 0.000395
4 0.000394
5 0.000394
5 0.000395
5 0.000395
5 0.000395
5 0.000395
5 0.000394
5 0.000395
5 0.000394
5 0.000395
5 0.000395
6 0.000789
6 0.000395
6 0.00079
6 0.000789
6 0.000395
6 0.000394
6 0.000395
6 0.000789
6 0.000395
6 0.000395
7 0.000789
7 0.00079
7 0.00079
7 0.000789
7 0.000395
7 0.000789
7 0.00079
7 0.000789
7 0.000394
7 0.00079
8 0.000789
8 0.00079
8 0.000395
8 0.000789
8 0.000395
8 0.000789
8 0.000394
8 0.000395
8 0.00079
8 0.000395
9 0.001185
9 0.00079
9 0.000789
9 0.000789
9 0.000789
9 0.001184
9 0.000789
9 0.00079
9 0.000789
9 0.00079
10 0.001184
10 0.001185
10 0.001184
10 0.00079
10 0.001184
10 0.001184
10 0.00079
10 0.001184
10 0.001185
10 0.001185
11 0.001579
11 0.001579
11 0.001184
11 0.001184
11 0.001579
11 0.001579
11 0.001579
11 0.001184
11 0.001579
11 0.001185
12 0.001974
12 0.001579
12 0.001579
12 0.001184
12 0.001185
12 0.001579
12 0.001579
12 0.001579
12 0.001974
12 0.007894999999999999
13 0.001974
13 0.001974
13 0.001973
13 0.001974
13 0.001974
13 0.001973
13 0.001974
13 0.001974
13 0.001579
13 0.003157
14 0.002369
14 0.002369
14 0.002368
14 0.002369
14 0.002368
14 0.002369
14 0.002368
14 0.002368
14 0.001974
14 0.001974
15 0.002763
15 0.002763
15 0.003158
15 0.002763
15 0.002763
15 0.002763
15 0.002763
15 0.003158
15 0.002763
15 0.002763
16 0.003553
16 0.003158
16 0.003158
16 0.002763
16 0.002763
16 0.003158
16 0.003158
16 0.003158
16 0.003158
16 0.003158
17 0.003947
17 0.004343
17 0.004342
17 0.003947
17 0.003948
17 0.003947
17 0.004342
17 0.004342
17 0.003947
17 0.003947
18 0.004737
18 0.004737
18 0.005132
18 0.004737
18 0.004737
18 0.004737
18 0.004737
18 0.013421
18 0.004342
18 0.004737
19 0.005527
19 0.005921
19 0.005921
19 0.005526
19 0.005132
19 0.005132
19 0.005526
19 0.005526
19 0.005527
19 0.005527
20 0.005921
20 0.011053
20 0.006316
20 0.005922
20 0.005526
20 0.005526
20 0.005922
20 0.005922
20 0.005921
20 0.005526
21 0.0075
21 0.007105
21 0.0075
21 0.007105
21 0.007105
21 0.0075
21 0.0075
21 0.007106
21 0.016184
21 0.007106
22 0.007894999999999999
22 0.007894999999999999
22 0.007894999999999999
22 0.007894999999999999
22 0.008684000000000001
22 0.00829
22 0.00829
22 0.00829
22 0.00829
22 0.008288999999999999
23 0.009868999999999999
23 0.009474
23 0.009079
23 0.009474
23 0.009868999999999999
23 0.011053
23 0.009079
23 0.009079
23 0.009079
23 0.009079
24 0.010658
24 0.009474
24 0.009473000000000001
24 0.009474
24 0.009474
24 0.009079
24 0.009474
24 0.009473000000000001
24 0.009473000000000001
24 0.009474
25 0.011843
25 0.011447
25 0.011448
25 0.011448
25 0.011842
25 0.011842
25 0.013026
25 0.011448
25 0.011447
25 0.011447
26 0.013026
26 0.013026
26 0.012631
26 0.013027
26 0.012632
26 0.013026
26 0.013027
26 0.013026
26 0.013026
26 0.013026
27 0.014605
27 0.01421
27 0.014606
27 0.016579
27 0.01421
27 0.014211
27 0.015789
27 0.01421
27 0.014211
27 0.014605
28 0.015
28 0.015
28 0.015
28 0.014605
28 0.015789
28 0.015395
28 0.014211
28 0.014211
28 0.014211
28 0.014211
29 0.016974
29 0.016579
29 0.016974
29 0.016579
29 0.025658
29 0.016973
29 0.017764
29 0.016973
29 0.016974
29 0.016974
30 0.018948
30 0.018948
30 0.027631
30 0.018948
30 0.018948
30 0.018553
30 0.018947
30 0.018947
30 0.018947
30 0.028027
31 0.020526
31 0.020921
31 0.020921
31 0.030789
31 0.020921
31 0.020921
31 0.020526
31 0.020527
31 0.021316
31 0.02171
32 0.024079
32 0.023684
32 0.02329
32 0.023684
32 0.02329
32 0.02329
32 0.023289
32 0.02329
32 0.023289
32 0.023289
33 0.026842
33 0.026842
33 0.026843
33 0.026842
33 0.026842
33 0.026842
33 0.038289
33 0.027236
33 0.026842
33 0.026843
34 0.029605
34 0.030789
34 0.04421
34 0.033158
34 0.043421
34 0.061184
34 0.045395
34 0.034737
34 0.029605
34 0.039868
35 0.031184
35 0.054079
35 0.042631
35 0.031184
35 0.037895
35 0.031184
35 0.031184
35 0.03079
35 0.031184
35 0.031579
36 0.031974
36 0.033948
36 0.032368
36 0.031974
36 0.031974
36 0.032369
36 0.033948
36 0.031579
36 0.031974
36 0.031974
37 0.036316
37 0.035921
37 0.038684
37 0.035922
37 0.035922
37 0.03829
37 0.036316
37 0.035921
37 0.036316
37 0.035921
38 0.039079
38 0.039079
38 0.038685
38 0.039079
38 0.039079
38 0.039079
38 0.03908
38 0.037895
38 0.037895
38 0.037895
39 0.041447
39 0.041447
39 0.041447
39 0.041447
39 0.041053
39 0.041448
39 0.041052
39 0.041447
39 0.041447
39 0.041053
40 0.042631
40 0.042237
40 0.042237
40 0.043816
40 0.043816
40 0.042631
40 0.043816
40 0.042632
40 0.05329
40 0.042632
41 0.047369
41 0.075789
41 0.049342
41 0.047369
41 0.048553
41 0.049737
41 0.048553
41 0.048553
41 0.048552
41 0.048553
42 0.0525
42 0.052501
42 0.0525
42 0.0525
42 0.052895
42 0.0525
42 0.052105
42 0.05329
42 0.052105
42 0.0525
43 0.056448
43 0.056053
43 0.056053
43 0.057237
43 0.055658
43 0.056053
43 0.055658
43 0.056053
43 0.056053
43 0.056053
44 0.067106
44 0.055658
44 0.055658
44 0.055658
44 0.06671000000000001
44 0.056053
44 0.057632
44 0.057632
44 0.062369
44 0.057237
45 0.063553
45 0.063948
45 0.063552
45 0.063948
45 0.063948
45 0.063553
45 0.063553
45 0.063553
45 0.063553
45 0.063553
46 0.067895
46 0.09829
46 0.07026399999999999
46 0.069868
46 0.069869
46 0.07105300000000001
46 0.07302599999999999
46 0.07026300000000001
46 0.069869
46 0.069868
47 0.074605
47 0.075
47 0.075
47 0.075001
47 0.074605
47 0.075001
47 0.074605
47 0.07736899999999999
47 0.074605
47 0.075
48 0.07658
48 0.07658
48 0.07657899999999999
48 0.09513199999999999
48 0.080527
48 0.07815800000000001
48 0.079737
48 0.078947
48 0.078948
48 0.07736899999999999
49 0.08368399999999999
49 0.08408
49 0.083685
49 0.086447
49 0.08368399999999999
49 0.08368399999999999
49 0.08368399999999999
49 0.08368399999999999
49 0.081316
49 0.08447399999999999
50 0.086842
50 0.141316
50 0.13579
50 0.090395
50 0.086843
50 0.087237
50 0.086843
50 0.086843
50 0.086448
50 0.086447
51 0.091974
51 0.09236900000000001
51 0.09236900000000001
51 0.09236900000000001
51 0.09236800000000001
51 0.091974
51 0.091974
51 0.091974
51 0.09236800000000001
51 0.09236900000000001
52 0.093553
52 0.093947
52 0.093947
52 0.094342
52 0.093553
52 0.093947
52 0.093553
52 0.093553
52 0.094343
52 0.094342
53 0.103027
53 0.104211
53 0.103026
53 0.103027
53 0.103421
53 0.103027
53 0.103027
53 0.103027
53 0.103027
53 0.103027
54 0.109342
54 0.108948
54 0.109343
54 0.108948
54 0.108947
54 0.108948
54 0.108947
54 0.110526
54 0.110527
54 0.108948
55 0.114474
55 0.114869
55 0.114869
55 0.116053
55 0.114869
55 0.114869
55 0.114869
55 0.114869
55 0.114474
55 0.116054
56 0.117237
56 0.117632
56 0.117237
56 0.15158
56 0.120396
56 0.12
56 0.12079
56 0.121579
56 0.12
56 0.12079
57 0.130263
57 0.129869
57 0.128685
57 0.128684
57 0.129869
57 0.128685
57 0.128685
57 0.129474
57 0.133027
57 0.12908
58 0.136185
58 0.137764
58 0.136185
58 0.13579
58 0.137764
58 0.136184
58 0.136185
58 0.136185
58 0.137763
58 0.414081
59 0.222633
59 0.417633
59 0.418028
59 0.145264
59 0.146448
59 0.144474
59 0.14408
59 0.146448
59 0.144079
59 0.14408
60 0.146448
60 0.146843
60 0.147633
60 0.146448
60 0.146448
60 0.146448
60 0.146054
60 0.148027
60 0.146448
60 0.144869
61 0.155132
61 0.155527
61 0.155132
61 0.158685
61 0.352896
61 0.155527
61 0.155527
61 0.155527
61 0.155132
61 0.417634
62 0.454344
62 0.164212
62 0.237237
62 0.164211
62 0.177238
62 0.164606
62 0.166579
62 0.163817
62 0.170922
62 0.170527
63 0.179211
63 0.172501
63 0.179606
63 0.17408
63 0.172501
63 0.173684
63 0.172501
63 0.172501
63 0.172501
63 0.173291
64 0.179212
64 0.178027
64 0.181974
64 0.185527
64 0.18158
64 0.18158
64 0.181185
64 0.181185
64 0.183553
64 0.187106
65 0.20408
65 0.189475
65 0.195001
65 0.20329
65 0.188685
65 0.273554
65 0.284212
65 0.283817
65 0.281054
65 0.284606
66 0.296843
66 0.297238
66 0.295265
66 0.200132
66 0.202895
66 0.208422
66 0.199738
66 0.199343
66 0.202501
66 0.199343
67 0.213949
67 0.214738
67 0.217501
67 0.215527
67 0.213553
67 0.221449
67 0.21829
67 0.213554
67 0.213159
67 0.214737
68 0.219474
68 0.218291
68 0.216316
68 0.215922
68 0.215922
68 0.217501
68 0.229343
68 0.2175
68 0.216317
68 0.215922
69 0.232106
69 0.232896
69 0.23408
69 0.243948
69 0.537239
69 0.341449
69 0.381318
69 0.376186
69 0.376975
69 0.37658
70 0.395133
70 0.393554
70 0.390001
70 0.371449
70 0.268027
70 0.251054
70 0.240396
70 0.241186
70 0.259738
70 0.243159
71 0.255396
71 0.255791
71 0.254607
71 0.254607
71 0.275133
71 0.267238
71 0.258159
71 0.258159
71 0.258159
71 0.299212
72 0.259343
72 0.251843
72 0.259343
72 0.259344
72 0.256975
72 0.249475
72 0.256975
72 0.25658
72 0.25658
72 0.257369
73 0.277895
73 0.279475
73 0.27908
73 0.279475
73 0.279475
73 0.465792
73 0.280659
73 0.279474
73 0.292501
73 0.275922
74 0.286975
74 0.286975
74 0.289343
74 0.309081
74 0.299606
74 0.295659
74 0.298817
74 0.300791
74 0.31658
74 0.289738
75 0.320923
75 0.306317
75 0.306711
75 0.307106
75 0.305133
75 0.304738
75 0.306712
75 0.306317
75 0.304738
75 0.306317
76 0.298027
76 0.299606
76 0.298422
76 0.298423
76 0.317369
76 0.313817
76 0.317764
76 0.315791
76 0.31658
76 0.315791
77 0.337897
77 0.335528
77 0.341844
77 0.335527
77 0.338291
77 0.326054
77 0.328817
77 0.571976
77 0.532107
77 0.533686
78 0.556581
78 0.5411859999999999
78 0.562897
78 0.557765
78 0.559344
78 0.557766
78 0.343818
78 0.345001
78 0.341054
78 0.343817
79 0.371449
79 0.350133
79 0.367107
79 0.363554
79 0.360791
79 0.386054
79 0.377764
79 0.361186
79 0.365922
79 0.364343
80 0.368291
80 0.362764
80 0.367896
80 0.367107
80 0.36237
80 0.365528
80 0.365922
80 0.363554
80 0.365528
80 0.365527
81 0.449607
81 0.547502
81 0.428686
81 0.418028
81 0.435396
81 0.416844
81 0.418028
81 0.418423
81 0.417239
81 0.418028
82 0.406976
82 0.602766
82 0.65645
82 0.651318
82 0.760661
82 0.412502
82 0.412107
82 0.411317
82 0.412106
82 0.411712
83 0.663161
83 0.430265
83 0.422765
83 0.422765
83 0.423949
83 0.423554
83 0.42316
83 0.455528
83 0.43145
83 0.423554
84 0.417238
84 0.435001
84 0.416844
84 0.417239
84 0.416844
84 0.417239
84 0.417239
84 0.420791
84 0.416843
84 0.420396
85 0.468555
85 0.468159
85 0.469344
85 0.466976
85 0.465396
85 0.467765
85 0.466186
85 0.466186
85 0.470528
85 0.470529
86 0.472108
86 0.485134
86 0.622898
86 0.466581
86 0.467371
86 0.480002
86 0.478423
86 0.468949
86 0.469344
86 0.467765
87 0.48987
87 0.490265
87 0.490265
87 0.783161
87 0.731056
87 0.491055
87 0.490266
87 0.500923
87 0.491055
87 0.490265
88 0.495791
88 0.617766
88 0.635924
88 0.6363180000000001
88 0.640265
88 0.637502
88 0.472502
88 0.483555
88 0.499344
88 0.489475
89 0.5376339999999999
89 0.5360549999999999
89 0.538818
89 0.540002
89 0.5376339999999999
89 0.536449
89 0.541582
89 0.5360549999999999
89 0.537239
89 0.53645
90 0.565661
90 0.543949
90 0.54316
90 0.542371
90 0.541976
90 0.542371
90 0.54237
90 0.690397
90 0.54316
90 0.542371
91 0.574345
91 0.566055
91 0.587371
91 0.637898
91 0.570397
91 0.566844
91 0.946583
91 0.915399
91 0.91974
91 0.891714
92 1.264742
92 0.572765
92 0.759082
92 1.022373
92 0.986846
92 0.545529
92 0.569608
92 0.543949
92 0.54474
92 0.621713
93 0.688029
93 0.638292
93 0.615002
93 0.609081
93 0.609082
93 0.590923
93 0.591318
93 0.667898
93 0.628424
93 0.609081
94 0.625266
94 0.671055
94 0.624082
94 0.642239
94 0.623292
94 0.622503
94 0.630003
94 0.6280289999999999
94 0.62566
94 0.624081
95 0.8151350000000001
95 0.816319
95 0.825793
95 0.818688
95 0.821845
95 0.818688
95 0.817109
95 0.8171079999999999
95 0.821846
95 0.817504
96 0.680924
96 0.680924
96 1.378032
96 1.376453
96 1.331453
96 1.314479
96 0.683687
96 0.686844
96 1.369347
96 1.383163
97 0.770529
97 0.68724
97 0.686845
97 0.688423
97 0.688029
97 0.686451
97 0.686844
97 0.693555
97 0.699082
97 0.686845
98 0.854214
98 1.301453
98 1.296716
98 0.941846
98 0.929215
98 0.743688
98 0.711319
98 0.712503
98 0.712108
98 0.710924
99 0.740924
99 0.739345
99 0.825004
99 0.753556
99 0.759082
99 0.742109
99 0.740529
99 0.745266
99 0.755135
99 0.812766
100 0.757108
100 0.751582
100 0.754345
100 0.794214
100 0.787108
100 0.752766
100 0.830135
100 0.710924
100 0.729871
100 0.709345
101 0.760661
101 0.76303
101 0.772108
101 0.79145
101 1.414348
101 1.410795
101 1.228031
101 1.014083
101 0.965136
101 0.838029
102 0.810398
102 0.80803
102 0.830924
102 0.802109
102 0.825398
102 0.815924
102 0.806451
102 0.808424
102 0.807635
102 0.80724
103 0.8348719999999999
103 0.835662
103 0.840398
103 0.840004
103 0.839214
103 0.838819
103 0.864082
103 0.868819
103 0.843556
103 0.83645
104 0.827766
104 0.827767
104 0.826977
104 0.826977
104 0.827767
104 0.897635
104 0.849477
104 0.848687
104 0.823424
104 0.823819
105 0.915793
105 0.890136
105 0.907504
105 0.90632
105 0.905135
105 0.8822410000000001
105 0.8838200000000001
105 0.879872
105 0.901188
105 0.862109
106 0.892109
106 0.891319
106 0.947767
106 0.911451
106 1.051583
106 0.910662
106 0.914215
106 0.911846
106 0.8857930000000001
106 0.912241
107 0.960399
107 0.956846
107 0.947767
107 0.920135
107 0.955267
107 0.947767
107 1.003426
107 0.954477
107 0.970661
107 0.952504
108 0.951715
108 0.945793
108 0.9757940000000001
108 0.948161
108 0.933951
108 0.938294
108 0.970267
108 0.935135
108 1.020793
108 0.9335560000000001
109 1.021583
109 0.993951
109 0.965925
109 1.009741
109 1.237505
109 1.794481
109 1.004215
109 0.994346
109 1.001451
109 1.014478
110 1.059084
110 1.046846
110 1.042899
110 1.031057
110 1.045267
110 1.043293
110 1.036188
110 1.070136
110 1.043293
110 1.042899
111 1.076847
111 1.070531
111 1.065793
111 1.06382
111 1.063426
111 1.23711
111 1.093425
111 1.073689
111 1.068952
111 1.032241
112 1.044478
112 1.043294
112 1.189347
112 1.077636
112 1.076847
112 1.089873
112 1.074873
112 1.110399
112 1.772376
112 1.085531
113 1.120268
113 1.114347
113 1.451454
113 1.115926
113 1.542638
113 1.116715
113 1.471585
113 1.151847
113 1.147505
113 1.126189
114 1.160531
114 2.253957
114 2.332904
114 1.179479
114 1.208689
114 1.242637
114 1.156189
114 1.173952
114 1.155399
114 1.16882
115 1.187768
115 1.187373
115 1.228032
115 1.192505
115 1.239874
115 1.501979
115 1.494479
115 1.240663
115 1.240269
115 1.20632
116 1.221321
116 1.230795
116 1.216584
116 1.198426
116 1.235926
116 1.203952
116 1.1779
116 1.543427
116 1.342111
116 2.306851
117 2.886722
117 2.323825
117 2.350273
117 1.926719
117 1.318032
117 2.359746
117 1.243032
117 1.521717
117 1.428558
117 1.263558
118 1.320005
118 1.351189
118 2.803038
118 1.932245
118 1.348822
118 2.277641
118 2.614748
118 1.561191
118 2.57409
118 2.937644
119 1.468032
119 1.42698
119 1.460532
119 2.761196
119 1.68948
119 1.361058
119 1.345664
119 2.157246
119 1.334611
119 1.327111
120 1.469217
120 1.386717
120 1.383953
120 1.374874
120 1.367768
120 1.408032
120 1.378032
120 1.370137
120 1.370927
120 1.370532
121 1.753428
121 1.408427
121 1.417111
121 1.391058
121 1.550533
121 1.726191
121 1.381585
121 1.419084
121 2.048298
121 2.310799
122 2.391325
122 1.441585
122 1.479085
122 1.423427
122 1.419874
122 1.419479
122 1.432506
122 1.434874
122 1.421453
122 1.401716
123 1.634612
123 1.508296
123 1.468032
123 1.575401
123 1.861192
123 1.47948
123 1.477901
123 1.536717
123 1.559216
123 1.468427
124 1.60698
124 1.456191
124 1.824876
124 1.495269
124 1.456585
124 1.471585
124 2.086983
124 1.493296
124 1.499216
124 1.476717
125 1.536716
125 1.550928
125 1.550533
125 1.552112
125 1.568691
125 1.53119
125 1.557243
125 1.530401
125 1.527243
125 1.613296
126 1.574217
126 1.571059
126 1.56869
126 2.260272
126 1.90185
126 1.607375
126 1.627902
126 2.800275
126 2.575668
126 1.588822
127 1.642902
127 1.640533
127 1.625928
127 1.839875
127 9.734249999999999
127 2.129219
127 2.110271
127 1.938955
127 1.936587
127 2.345536
128 2.649089
128 3.227776
128 2.769485
128 2.49751
128 2.893038
128 1.858823
128 1.849349
128 1.894745
128 1.955535
128 1.943693
129 1.777113
129 1.756191
129 1.784612
129 1.75027
129 1.736849
129 1.755402
129 1.773955
129 1.749086
129 1.737639
129 1.736454
130 1.738033
130 1.829613
130 1.75185
130 1.748297
130 1.752244
130 1.758165
130 1.790534
130 2.126456
130 1.845797
130 1.767638
131 1.803955
131 3.120013
131 1.815007
131 1.782244
131 1.781455
131 1.782639
131 2.267773
131 2.071587
131 1.783823
131 1.841849
132 1.770007
132 1.766849
132 1.76606
132 1.779087
132 1.778692
132 1.793297
132 2.591458
132 1.815007
132 1.843034
132 2.008034
133 1.858428
133 1.865928
133 1.854087
133 1.916455
133 1.865929
133 1.876587
133 1.951587
133 2.4083
133 2.326193
133 2.006061
134 1.964614
134 1.954745
134 1.944087
134 1.899086
134 1.897113
134 1.921586
134 1.978034
134 1.911324
134 1.929087
134 1.909744
135 2.086588
135 2.03843
135 1.96935
135 1.971324
135 1.987113
135 2.000929
135 1.945666
135 2.001718
135 1.97764
135 2.020666
136 2.046324
136 2.043956
136 1.982377
136 2.040798
136 2.162772
136 2.043561
136 1.983561
136 2.266589
136 2.071587
136 2.037245
137 2.05935
137 2.239351
137 2.063692
137 2.107508
137 2.830275
137 2.142246
137 2.14264
137 2.85238
137 2.506589
137 2.620669
138 2.181325
138 2.141061
138 2.058167
138 2.429221
138 2.244483
138 2.273298
138 2.215667
138 2.16593
138 2.545274
138 2.172246
139 2.529089
139 2.338825
139 2.332509
139 2.7458
139 2.351063
139 2.338431
139 2.366852
139 2.541326
139 2.344747
139 2.341983
140 2.169877
140 2.371194
140 2.139088
140 2.135535
140 2.160404
140 2.645142
140 2.239746
140 2.165141
140 2.165535
140 2.158824
141 2.281194
141 2.283167
141 2.262246
141 2.340009
141 2.296194
141 2.261062
141 2.267773
141 2.346326
141 2.267773
141 2.307641
142 2.311194
142 2.58159
142 2.402378
142 2.365272
142 2.349878
142 2.736722
142 2.407904
142 2.40751
142 2.384221
142 3.928043
143 3.885805
143 2.581194
143 3.90199
143 2.554748
143 2.426063
143 2.469484
143 2.463957
143 2.445405
143 2.434352
143 3.8487
144 4.282123
144 4.244228
144 2.877643
144 2.57409
144 2.517642
144 2.477773
144 2.53501
144 4.246201
144 3.307908
144 2.479352
145 2.462378
145 2.486062
145 2.475405
145 2.534221
145 2.462773
145 2.4758
145 3.035144
145 2.494747
145 2.477378
145 2.477378
146 2.870538
146 2.567774
146 2.568958
146 2.498694
146 2.783696
146 2.64001
146 4.505939
146 2.576458
146 2.553958
146 2.570537
147 2.586327
147 2.872512
147 2.592643
147 2.5883
147 2.910801
147 2.584747
147 2.613169
147 2.65738
147 2.727642
147 2.658958
148 2.71738
148 2.722117
148 2.733564
148 2.692117
148 2.668826
148 2.879617
148 2.634484
148 2.633695
148 2.674353
148 2.663695
149 2.730011
149 2.761195
149 2.932907
149 2.765142
149 2.745801
149 2.720143
149 2.746196
149 2.717774
149 2.72488
149 2.899354
150 2.743038
150 2.755274
150 2.769879
150 2.797117
150 2.848037
150 2.853169
150 3.197776
150 2.846854
150 2.843301
150 3.074223
151 2.807379
151 2.832249
151 2.884748
151 2.98896
151 2.892249
151 2.902907
151 4.763309
151 5.270153
151 3.254618
151 2.842511
152 2.975144
152 2.880012
152 3.009486
152 2.922644
152 2.922249
152 3.311855
152 2.895801
152 2.876459
152 3.233698
152 2.978301
153 3.016591
153 3.004749
153 3.404224
153 3.550278
153 4.951599
153 5.400022
153 4.011332
153 2.952248
153 2.946722
153 3.032776
154 3.048171
154 3.20646
154 3.02646
154 3.143302
154 4.691861
154 4.138438
154 3.067908
154 2.926985
154 3.046591
154 3.004354
155 3.039881
155 3.180802
155 3.12475
155 3.820674
155 3.945016
155 3.08567
155 3.089618
155 3.093171
155 3.04067
155 3.395145
156 3.10896
156 3.131855
156 3.09396
156 3.177644
156 3.100671
156 3.308698
156 3.071065
156 3.185934
156 3.106197
156 3.10896
157 3.213566
157 3.278698
157 3.266066
157 3.969885
157 3.287777
157 3.244355
157 3.229355
157 3.305934
157 3.187513
157 3.245934
158 3.448436
158 3.240803
158 3.65883
158 3.266066
158 3.76462
158 3.337119
158 3.240408
158 5.762392
158 3.9387
158 3.184749
159 3.928437
159 3.326461
159 3.279882
159 3.545541
159 3.322513
159 3.339487
159 3.320145
159 3.315408
159 3.233697
159 3.255014
160 3.850279
160 3.750016
160 3.844752
160 4.232781
160 6.450816
160 3.810411
160 3.958832
160 6.588579
160 3.853831
160 3.815936
161 4.036595
161 3.988437
161 3.982911
161 3.835279
161 4.208701
161 3.810015
161 4.089096
161 3.899621
161 3.980148
161 3.930806
162 3.588962
162 4.02949
162 3.736199
162 6.23213
162 3.751594
162 3.535277
162 3.731462
162 3.555014
162 3.618568
162 3.53962
163 3.587383
163 3.639489
163 3.698305
163 3.60633
163 3.568436
163 3.699094
163 3.64383
163 3.754752
163 3.620541
163 3.614225
164 3.615015
164 3.616989
164 3.663568
164 3.631989
164 3.693567
164 3.651725
164 3.780805
164 3.629225
164 3.883042
164 3.673042
165 3.830147
165 3.748831
165 3.985279
165 3.704226
165 4.095017
165 6.250683
165 3.729883
165 3.702251
165 3.717252
165 3.751594
166 4.028306
166 3.828173
166 3.958832
166 3.7812
166 6.450816
166 3.960016
166 6.812002
166 3.800147
166 3.764621
166 5.894235
167 6.408184
167 3.857779
167 4.089491
167 3.927648
167 3.9837
167 3.835674
167 4.385545
167 4.648835
167 4.033043
167 3.931595
168 4.044095
168 3.920147
168 3.9987
168 3.933964
168 3.955674
168 3.915016
168 4.268307
168 3.833699
168 4.152254
168 4.043306
169 4.149096
169 4.009753
169 4.005806
169 3.980543
169 4.072912
169 4.021201
169 4.010938
169 3.981332
169 4.194886
169 4.177122
170 4.185807
170 4.159359
170 4.073306
170 4.061069
170 4.124622
170 3.996727
170 4.012912
170 4.03699
170 4.070542
170 4.118701
171 4.21857
171 4.192122
171 4.203175
171 4.120674
171 4.270675
171 4.154228
171 4.055543
171 4.655151
171 4.053964
171 4.32357
172 4.118307
172 4.243439
172 4.262386
172 5.338838
172 4.31686
172 4.336992
172 4.292386
172 4.204359
172 4.163307
172 6.239631
173 4.370939
173 4.320018
173 4.405281
173 4.273438
173 4.457387
173 4.335018
173 4.376071
173 4.319623
173 4.385938
173 4.338175
174 4.373702
174 5.002126
174 4.426597
174 5.167126
174 4.398965
174 4.661861
174 4.600677
174 4.689493
174 7.525294
174 5.332127
175 5.084626
175 4.447518
175 4.52094
175 4.49844
175 4.56594
175 4.471992
175 4.530807
175 4.495281
175 4.509097
175 4.468045
176 4.578177
176 6.910686
176 6.742922
176 4.711993
176 4.486597
176 5.41147
176 6.04384
176 5.75055
176 4.577782
176 4.870283
177 4.572256
177 6.080157
177 4.468439
177 4.632256
177 4.589624
177 7.436478
177 4.63344
177 4.764493
177 4.458571
177 4.671335
178 4.715151
178 4.905415
178 4.662651
178 4.702914
178 4.878968
178 4.717125
178 4.816993
178 4.797651
178 4.766467
178 4.864362
179 5.230679
179 5.34989
179 5.138705
179 5.263838
179 5.295811
179 5.301732
179 5.59226
179 5.286732
179 5.250022
179 5.326206
180 4.845414
180 4.988705
180 4.870678
180 5.612786
180 5.976735
180 5.269363
180 4.847389
180 8.533061
180 6.440552
180 6.413711
181 8.956614999999999
181 6.644238
181 5.07002
181 5.705549
181 5.095679
181 9.255432000000001
181 5.095284
181 5.159626
181 5.108705
181 5.171073
182 5.1391
182 9.1678
182 5.130416
182 5.379496
182 5.111863
182 5.486075
182 5.268179
182 5.206995
182 6.67779
182 5.359364
183 5.278442
183 5.862261
183 5.341206
183 5.344759
183 5.396074
183 5.435154
183 5.563049
183 5.637654
183 5.386996
183 5.614365
184 5.529496
184 5.583575
184 5.682654
184 5.614759
184 5.619891
184 5.57647
184 5.395285
184 5.600549
184 5.539365
184 5.500681
185 5.658181
185 5.434759
185 5.668444
185 5.527917
185 5.402785
185 5.782919
185 8.674378000000001
185 5.651471
185 5.383838
185 5.834629
186 5.462391
186 5.74147
186 5.641207
186 5.820418
186 5.473444
186 5.660155
186 5.560286
186 5.881603
186 8.414244999999999
186 5.566601
187 5.733971
187 6.046208
187 5.683839
187 5.657391
187 6.224631
187 5.724497
187 6.053709
187 6.920159
187 5.994498
187 5.684628
188 5.698049
188 6.394763
188 5.977919
188 5.657786
188 9.000826
188 5.880813
188 5.654234
188 5.977919
188 5.733181
188 6.031209
189 6.144499
189 6.003182
189 5.908051
189 6.11963
189 5.960945
189 5.875288
189 6.249893
189 7.214634
189 5.990551
189 5.855155
190 6.21042
190 6.264104
190 6.118051
190 6.174894
190 6.048577
190 5.991341
190 5.865024
190 9.37346
190 6.316605
190 5.956603
191 6.112919
191 6.295683
191 6.09634
191 6.114103
191 6.530948
191 6.211209
191 6.644237
191 6.037919
191 6.228183
191 6.310683
192 6.526605
192 6.618185
192 8.945562000000001
192 7.750295
192 6.687659
192 6.579501
192 6.547132
192 6.63279
192 6.586211
192 6.53529
193 6.505684
193 6.348184
193 6.184368
193 6.273578
193 6.556211
193 6.749238
193 6.033972
193 6.223446
193 6.393184
193 6.408974
194 6.433052
194 6.5195
194 7.071739
194 6.197789
194 6.256604
194 6.332
194 6.515948
194 6.328842
194 6.28621
194 8.082665
195 7.309767
195 6.533316
195 6.338316
195 6.605948
195 6.620949
195 12.09597
195 6.573185
195 7.055161
195 6.740159
195 6.431473
196 6.647
196 6.684107
196 7.830427
196 6.540422
196 6.445684
196 7.071345
196 9.139379999999999
196 6.630422
196 7.196082
196 7.972928
197 6.681738
197 6.763054
197 6.797002
197 6.917792
197 6.593317
197 6.67858
197 6.735817
197 6.820685
197 8.051086
197 8.064507000000001
198 6.81437
198 6.990028
198 6.838055
198 6.813581
198 6.856607
198 6.696738
198 6.683712
198 6.923318
198 6.725949
198 6.692001
199 6.964765
199 8.425298
199 7.170029
199 6.993186
199 7.366609
199 6.96595
199 6.863318
199 7.014502
199 6.988449
199 8.769904
200 9.080564000000001
200 7.248976
200 8.561877000000001
200 7.524505
200 7.306609
200 7.494504
200 7.715163
200 7.250161
200 7.174371
200 7.34174
201 9.637143999999999
201 7.254898
201 7.318451
201 7.961085
201 10.129779
201 10.463727
201 7.076477
201 7.281345
201 8.485298
201 10.078463
202 11.214914
202 9.298064
202 8.415034
202 7.349241
202 7.578978
202 7.222135
202 7.110424
202 7.404504
202 7.083581
202 7.175556
203 7.050424
203 7.158976
203 7.428583
203 7.26003
203 7.357136
203 7.705689
203 9.037141999999999
203 7.546609
203 7.788584
203 7.431346
204 8.874905
204 7.515425
204 12.337945
204 7.289635
204 7.692268
204 7.387135
204 7.586084
204 7.323978
204 7.595162
204 7.445162
205 7.692268
205 7.751479
205 11.615968
205 7.715557
205 7.642531
205 7.692268
205 7.632267
205 7.580557
205 7.592005
205 7.61332
206 9.437407
206 7.7574
206 7.997401
206 7.659505
206 7.875821
206 7.868322
206 7.670952
206 8.688587999999999
206 7.785427
206 8.339244000000001
207 8.290692
207 8.343192
207 8.987799000000001
207 9.225038
207 7.827664
207 7.815032
207 7.865163
207 11.157677
207 7.934242
207 13.437292
208 8.220822999999999
208 8.393718
208 8.394113000000001
208 8.405956
208 8.287929
208 14.076373
208 8.275297
208 8.263455
208 11.087019
208 11.709916
209 8.224375999999999
209 8.092138
209 9.997935
209 8.431217999999999
209 8.231479999999999
209 8.107533999999999
209 8.235033
209 8.249639
209 8.348718999999999
209 8.779771999999999
210 8.050691
210 8.591481999999999
210 7.865954
210 8.241745
210 8.216875999999999
210 8.257139
210 8.042795999999999
210 8.407534
210 8.314375999999999
210 8.196349
211 8.490035000000001
211 8.415824000000001
211 8.454903
211 8.497534999999999
211 8.312797
211 8.268981
211 8.258323000000001
211 8.473456000000001
211 8.704376999999999
211 8.383455
212 8.345955
212 10.036225
212 8.480561
212 8.288719
212 8.862273
212 8.631746
212 8.683851000000001
212 8.313191
212 8.583193
212 8.552403
213 8.557930000000001
213 10.187015
213 8.747799000000001
213 8.871746
213 8.497534
213 8.758062000000001
213 8.519245
213 11.093335
213 8.597008000000001
213 8.839772999999999
214 8.664904
214 8.489245
214 8.595824
214 8.451745000000001
214 8.554772
214 8.452928999999999
214 8.575692999999999
214 8.797141
214 8.575298
214 8.518060999999999
215 8.854773
215 10.158989
215 13.403738
215 8.928983000000001
215 8.785299
215 9.487144000000001
215 11.222414
215 8.923063000000001
215 8.94951
215 8.882405
216 9.559775999999999
216 9.363986000000001
216 9.243195999999999
216 9.429513
216 9.379775
216 10.77557
216 9.413722999999999
216 11.428468
216 10.207147
216 18.834156
217 10.483069
217 9.034378999999999
217 9.076221
217 9.047010999999999
217 9.075825999999999
217 9.014248
217 8.937668
217 9.453590999999999
217 10.454253
217 10.011751
218 13.373344
218 17.017569
218 9.058064
218 9.138985
218 9.365959
218 10.261226
218 9.281090000000001
218 14.782166
218 9.090432
218 9.12359
219 17.672835
219 17.722967
219 9.843987
219 9.42517
219 9.339907
219 9.25188
219 9.546749
219 9.274774000000001
219 9.271616
219 9.439380999999999
220 10.301884
220 12.064786
220 9.1378
220 9.091616
220 8.996879
220 9.407012
220 11.724127
220 10.88965
220 9.900040000000001
220 9.313064000000001
221 9.479248999999999
221 9.512407
221 9.39517
221 9.555039000000001
221 9.741356
221 9.729513000000001
221 10.053593
221 9.606749000000001
221 9.469381
221 9.508853999999999
222 9.701881999999999
222 9.985697999999999
222 12.729526
222 14.834666
222 9.552670000000001
222 12.637156
222 9.390038000000001
222 15.039535
222 9.541618
222 9.782408999999999
223 10.416753
223 9.963594000000001
223 10.685965
223 9.748855000000001
223 9.857408
223 9.978199
223 10.077673
223 9.992804
223 12.054128
223 11.302546
224 10.741622
224 10.920045
224 10.865966
224 10.867544
224 11.080308
224 10.749123
224 12.087681
224 14.649533
224 10.856097
224 10.888071
225 10.304252
225 10.2782
225 10.742807
225 10.533596
225 11.715837
225 10.382806
225 10.200042
225 10.329911
225 10.807544
225 10.316489
226 10.395437
226 10.514254
226 10.275042
226 10.060699
226 11.329783
226 10.212278
226 10.295173
226 10.534385
226 10.687543
226 10.489779
227 10.710439
227 11.377546
227 10.551754
227 10.840702
227 10.749518
227 11.067282
227 10.933465
227 10.623596
227 10.507149
227 10.582938
228 10.554517
228 10.588069
228 10.467279
228 10.511096
228 12.498209
228 10.53478
228 11.75768
228 13.469265
228 10.26991
228 10.387148
229 10.637018
229 13.587293
229 10.722281
229 13.25216
229 11.405178
229 10.804781
229 15.893354
229 10.882939
229 10.68478
229 10.608595
230 10.743202
230 11.226362
230 10.731754
230 17.709941
230 10.991887
230 11.30373
230 10.993465
230 11.352678
230 10.916887
230 11.13123
231 12.706236
231 11.077545
231 10.959519
231 10.819781
231 13.247028
231 11.382283
231 16.753489
231 11.944785
231 11.19123
231 15.184799
232 11.725705
232 17.625862
232 15.716512
232 14.018741
232 12.267682
232 13.507949
232 11.813732
232 11.648337
232 12.344261
232 12.242023
233 11.386231
233 11.520047
233 18.920209
233 19.980871
233 11.451362
233 11.61281
233 11.300967
233 18.074679
233 11.703995
233 13.783082
234 16.678884
234 11.486889
234 12.066365
234 11.34123
234 12.399524
234 13.589661
234 11.473863
234 13.289265
234 11.463205
234 15.366773
235 12.125181
235 15.027298
235 11.737943
235 12.641499
235 16.515067
235 13.644924
235 14.387033
235 14.859929
235 12.265314
235 14.465585
236 15.459537
236 14.601375
236 14.529533
236 11.628206
236 18.168232
236 12.773736
236 13.436107
236 11.966891
236 14.504665
236 13.74203
237 12.133865
237 13.446765
237 12.057286
237 14.985455
237 12.603604
237 16.785069
237 12.440577
237 12.266892
237 12.747684
237 14.379532
238 14.403216
238 12.114129
238 12.14926
238 19.460606
238 12.580314
238 12.074259
238 11.963733
238 13.518608
238 12.008338
238 11.989391
239 12.18676
239 13.035448
239 12.360445
239 12.363998
239 12.146892
239 14.57098
239 13.352817
239 18.297311
239 25.379314
239 24.182467
240 18.733103
240 21.382587
240 16.553357
240 20.687453
240 13.573082
240 15.097561
240 14.863087
240 14.297821
240 13.478739
240 18.98613
241 14.252426
241 14.670455
241 13.727819
241 16.457436
241 13.059921
241 14.196374
241 12.847158
241 13.937425
241 13.923215
241 14.583217
242 14.075189
242 16.515857
242 14.758481
242 14.562691
242 14.85085
242 15.829801
242 21.198639
242 17.737178
242 14.858745
242 13.789793
243 18.1181
243 13.328343
243 14.447822
243 12.845184
243 14.08861
243 13.086369
243 13.048474
243 13.330712
243 13.202423
243 13.152291
244 13.042158
244 13.413607
244 14.362558
244 13.927162
244 12.780447
244 14.419401
244 13.345712
244 13.105317
244 16.224935
244 15.399932
245 14.154531
245 19.717186
245 13.68874
245 13.663082
245 19.119947
245 13.389923
245 13.44716
245 13.561634
245 19.993897
245 13.706108
246 17.030201
246 13.786635
246 18.580733
246 14.274926
246 21.888247
246 12.970316
246 13.179922
246 15.755985
246 14.143084
246 16.901911
247 21.220744
247 13.475186
247 14.110321
247 13.549398
247 13.56045
247 14.243348
247 13.337818
247 13.671767
247 13.691504
247 14.030979
248 14.460059
248 14.994929
248 14.59427
248 14.260717
248 18.381391
248 14.491244
248 15.020588
248 14.51848
248 21.108639
248 21.814036
249 14.624271
249 14.483744
249 17.455729
249 14.2244
249 14.126505
249 13.899136
249 14.205058
249 13.773609
249 13.954793
249 15.719274
250 19.674554
250 15.376641
250 14.000189
250 13.670187
250 14.047163
250 13.789004
250 16.348882
250 13.652029
250 18.748497
250 17.33336
251 17.915205
251 14.045583
251 14.010846
251 14.349927
251 14.175452
251 14.497953
251 14.032558
251 14.116241
251 14.203874
251 16.181908
252 18.251522
252 14.79164
252 14.607296
252 19.808765
252 14.482165
252 14.872166
252 14.45019
252 15.664801
252 16.031513
252 14.115453
253 14.880061
253 15.335984
253 14.969272
253 14.894666
253 14.503086
253 15.312299
253 15.739011
253 14.842165
253 14.570586
253 14.520454
254 14.954666
254 14.778218
254 14.530323
254 14.712297
254 14.970851
254 15.169799
254 14.47427
254 14.920719
254 14.879271
254 14.847297
255 15.546774
255 15.604011
255 15.562563
255 15.058087
255 15.444142
255 15.072693
255 14.749007
255 15.015061
255 14.968877
255 15.624932
256 26.286029
256 24.626153
256 27.116952
256 24.710232
256 24.384178
256 24.959313
256 24.14773
256 24.072729
256 24.494706
256 25.332735
257 15.85309
257 15.761907
257 15.605985
257 15.394799
257 15.209273
257 16.380067
257 18.879551
257 15.596511
257 15.666774
257 15.92296
258 15.794275
258 15.55388
258 15.237693
258 15.774538
258 15.546379
258 15.263351
258 15.813223
258 15.845591
258 18.335602
258 15.609537
259 16.297961
259 16.064671
259 16.134539
259 19.16692
259 15.809275
259 16.270724
259 16.314145
259 16.059144
259 15.654143
259 15.826249
260 19.302315
260 15.759143
260 15.398747
260 16.654016
260 16.148355
260 15.630459
260 16.109671
260 15.854275
260 20.136793
260 15.827039
261 17.019148
261 26.715109
261 20.37482
261 16.529278
261 16.471251
261 16.717963
261 16.488225
261 20.949164
261 16.602304
261 16.633489
262 16.374146
262 16.957175
262 24.596942
262 16.061118
262 16.063092
262 16.019276
262 15.964802
262 16.74599
262 17.359413
262 26.242212
263 24.278388
263 17.036122
263 16.600726
263 17.098491
263 16.430988
263 16.220198
263 16.313751
263 16.652437
263 16.497305
263 20.185346
264 17.842967
264 19.139684
264 17.821256
264 17.382703
264 17.327439
264 18.234942
264 17.451387
264 17.608887
264 18.100337
264 17.506651
265 17.968494
265 17.582835
265 17.390992
265 17.290334
265 17.041253
265 17.163623
265 17.366913
265 17.260728
265 17.096517
265 20.856006
266 22.837593
266 17.373624
266 25.428262
266 17.533097
266 17.355466
266 21.164691
266 17.246123
266 17.216123
266 16.970596
266 20.184556
267 25.190629
267 17.593493
267 20.883638
267 21.361666
267 21.40864
267 17.374018
267 17.40086
267 22.846672
267 17.856388
267 17.693756
268 17.699282
268 17.945994
268 18.413759
268 17.024675
268 17.844546
268 18.389286
268 19.098631
268 17.966126
268 24.677469
268 19.108104
269 18.824682
269 18.285864
269 17.999679
269 17.947573
269 26.593135
269 18.897314
269 17.9381
269 18.122837
269 17.845336
269 17.640861
270 18.690471
270 25.639841
270 17.901389
270 19.139288
270 20.52561
270 17.801125
270 17.705993
270 18.232969
270 18.382969
270 17.991389
271 19.030341
271 18.470207
271 18.721261
271 18.261785
271 18.34468
271 18.252311
271 19.329948
271 18.550734
271 18.375075
271 18.220733
272 19.421922
272 19.400606
272 19.267579
272 19.296
272 19.291263
272 20.145082
272 23.805887
272 19.550606
272 19.607843
272 19.34771
273 17.910468
273 18.677444
273 18.111389
273 19.518632
273 18.409418
273 18.227443
273 18.2006
273 18.350996
273 18.258232
273 18.657708
274 21.362061
274 18.422049
274 19.119551
274 18.704287
274 18.523891
274 18.348232
274 18.97863
274 18.538102
274 19.209947
274 18.460339
275 18.788761
275 19.587712
275 27.179321
275 26.892347
275 19.4085
275 19.277447
275 19.301526
275 18.721261
275 19.447974
275 20.107582
276 19.985213
276 27.478927
276 19.393106
276 18.723629
276 22.740093
276 19.153894
276 19.029156
276 25.838395
276 18.524286
276 21.041138
277 18.946261
277 18.906393
277 25.450762
277 26.680372
277 22.976936
277 19.08442
277 31.986446
277 19.387973
277 20.162056
277 22.867988
278 23.133252
278 21.817984
278 21.906405
278 30.893021
278 19.637843
278 21.858247
278 19.964292
278 20.048371
278 18.982183
278 19.06863
279 23.072067
279 19.629554
279 19.401395
279 19.811134
279 19.392711
279 19.602317
279 19.540342
279 19.646133
279 24.514047
279 19.845871
280 21.712194
280 26.644451
280 29.235119
280 21.002059
280 28.945382
280 21.489561
280 21.270086
280 21.07548
280 20.981533
280 21.721272
281 20.482584
281 21.03877
281 21.31864
281 21.622589
281 21.559035
281 20.973244
281 21.22864
281 20.661795
281 21.514825
281 21.028507
282 20.559557
282 21.199034
282 22.127064
282 20.977981
282 20.946402
282 20.38232
282 26.694583
282 22.766541
282 20.784953
282 20.844559
283 21.064033
283 23.645623
283 20.422584
283 22.860093
283 20.651137
283 24.431941
283 22.90233
283 21.131139
283 20.823243
283 20.604558
284 21.128375
284 20.250872
284 20.040476
284 20.289161
284 20.605347
284 20.141924
284 20.11903
284 20.397715
284 20.5414
284 20.608111
285 21.439824
285 21.10785
285 21.434693
285 21.570877
285 21.310745
285 20.948375
285 21.544036
285 21.818379
285 21.088902
285 21.413772
286 21.184823
286 21.207324
286 20.838637
286 21.546798
286 21.103507
286 21.172981
286 21.42443
286 20.676006
286 21.441403
286 21.181665
287 22.086011
287 22.327196
287 25.284577
287 25.635895
287 21.762721
287 23.314832
287 24.433521
287 21.538115
287 20.877322
287 21.432719
288 25.55892
288 24.062072
288 23.887992
288 23.892334
288 24.27681
288 24.278388
288 24.066414
288 24.120098
288 24.002861
288 23.852071
289 22.368249
289 22.96983
289 22.582592
289 22.736935
289 31.417628
289 21.813247
289 21.419298
289 22.195749
289 21.598509
289 21.713772
290 21.618641
290 21.598114
290 22.305091
290 22.016537
290 21.947063
290 21.99088
290 21.860615
290 21.901274
290 21.62772
290 22.574303
291 21.894563
291 22.419565
291 22.468513
291 22.011405
291 21.97509
291 22.447592
291 22.058775
291 22.204038
291 22.764961
291 22.458644
292 22.355618
292 23.353121
292 22.058774
292 22.617724
292 22.77562
292 22.332722
292 21.952589
292 21.983774
292 22.096669
292 22.484303
293 23.133647
293 23.178252
293 22.33667
293 22.239565
293 22.32246
293 22.961146
293 22.825356
293 22.588118
293 22.405749
293 22.644566
294 22.900356
294 22.60075
294 22.823383
294 22.384038
294 22.740488
294 22.425486
294 22.510355
294 23.1747
294 23.2047
294 22.771672
295 23.933782
295 24.146151
295 23.614044
295 22.881014
295 23.964177
295 23.895887
295 24.014308
295 23.192858
295 23.59707
295 24.095625
296 24.521943
296 24.917075
296 24.5326
296 24.907207
296 25.277077
296 25.086418
296 24.41102
296 24.727206
296 25.690762
296 24.611153
297 24.854707
297 23.818913
297 24.245626
297 24.039572
297 24.425626
297 24.074704
297 23.481412
297 23.384306
297 23.334963
297 23.92194
298 24.307204
298 23.716675
298 24.008783
298 24.772206
298 24.054177
298 25.180761
298 24.323389
298 25.935501
298 24.965628
298 23.946413
299 24.413389
299 24.394047
299 23.83786
299 24.406679
299 24.102335
299 24.143388
299 24.020229
299 24.075887
299 24.345889
299 25.32484
300 24.409837
300 23.93536
300 24.084967
300 24.379442
300 24.369178
300 24.15523
300 23.935361
300 23.931018
300 23.976019
300 24.01273
301 24.726811
301 24.43431
301 24.519574
301 24.264967
301 24.260626
301 24.878786
301 24.569705
301 24.508521
301 24.388915
301 24.439442
302 24.731548
302 24.26852
302 24.731943
302 25.837211
302 26.209055
302 24.871286
302 24.375494
302 24.35852
302 24.091678
302 24.270888
303 25.119971
303 25.440893
303 25.944185
303 25.010233
303 24.775364
303 25.186287
303 24.814444
303 25.456289
303 25.520235
303 26.452214
304 28.614196
304 28.723538
304 28.956434
304 29.152224
304 29.098935
304 29.605778
304 28.685643
304 28.70459
304 28.708933
304 28.69867
305 27.216822
305 26.762082
305 27.010374
305 27.384585
305 26.725767
305 27.307217
305 27.54327
305 26.975242
305 26.466424
305 26.743924
306 26.619977
306 26.696951
306 26.322739
306 26.404845
306 25.886947
306 25.780763
306 25.821815
306 26.044053
306 26.038922
306 26.375239
307 27.591033
307 27.021426
307 27.477744
307 28.909855
307 27.218401
307 27.564586
307 26.786951
307 27.699982
307 26.54103
307 26.952346
308 27.618271
308 27.035637
308 26.783399
308 26.643661
308 26.416292
308 26.773531
308 27.378269
308 27.759982
308 26.870636
308 26.996163
309 28.097089
309 27.309585
309 27.247611
309 27.525507
309 27.782482
309 27.309585
309 27.977482
309 27.871693
309 27.536954
309 27.419323
310 27.603271
310 27.767482
310 26.976426
310 28.180378
310 27.786429
310 26.964583
310 27.450112
310 27.566955
310 27.647875
310 26.888794
311 28.201694
311 28.419195
311 27.82314
311 28.347747
311 28.007877
311 28.244721
311 28.176036
311 28.921302
311 28.768933
311 28.296037
312 29.416699
312 29.638147
312 30.026964
312 30.175386
312 29.695384
312 29.405646
312 29.35591
312 29.25604
312 29.291567
312 29.472357
313 28.626827
313 28.346958
313 29.670515
313 28.241168
313 28.064325
313 28.269984
313 28.653275
313 28.270378
313 28.489459
313 28.368274
314 28.515906
314 28.840381
314 28.829328
314 28.374195
314 28.406563
314 28.407748
314 28.948144
314 28.775644
314 28.486695
314 28.292879
315 29.697358
315 29.214198
315 28.918539
315 29.176698
315 28.522221
315 29.021566
315 29.037355
315 29.083539
315 27.953798
315 29.254461
316 29.243409
316 28.315774
316 28.712486
316 29.297488
316 29.5067
316 29.117488
316 28.523011
316 29.747884
316 28.288931
316 28.516301
317 29.413146
317 29.277751
317 29.610121
317 29.004592
317 31.19539
317 30.075517
317 30.662494
317 29.584068
317 29.189724
317 29.217751
318 29.413936
318 30.107491
318 31.310259
318 30.112228
318 29.576568
318 29.246961
318 29.31762
318 28.884986
318 32.316447
318 29.684332
319 31.001574
319 29.805911
319 29.555647
319 29.382357
319 29.15854
319 29.399331
319 29.428936
319 29.986701
319 29.702095
319 29.893149
320 33.615532
320 33.535795
320 33.805795
320 34.095139
320 34.431456
320 40.31148
320 33.929349
320 33.24803
320 33.594216
320 33.527505
321 29.865911
321 30.347098
321 30.002886
321 29.612489
321 29.769595
321 30.659335
321 30.074334
321 30.593414
321 30.003675
321 30.311571
322 29.461699
322 30.610388
322 29.763279
322 29.657095
322 30.236176
322 29.764464
322 30.249202
322 29.646831
322 30.141439
322 30.412624
323 30.504993
323 31.734998
323 32.113552
323 31.09118
323 31.971446
323 31.855393
323 31.224996
323 31.296049
323 32.082763
323 30.730783
324 31.545128
324 34.044613
324 31.020916
324 30.723283
324 30.36565
324 30.243676
324 30.558678
324 31.438154
324 31.053679
324 30.795915
325 31.484734
325 31.485918
325 31.17368
325 31.962368
325 31.390391
325 31.800525
325 33.152898
325 31.202891
325 31.506445
325 31.121179
326 31.902367
326 32.066578
326 34.046191
326 31.787893
326 32.646054
326 32.360263
326 33.714217
326 32.242237
326 31.639866
326 31.834077
327 33.158425
327 33.633295
327 31.554997
327 31.422365
327 32.182631
327 32.533949
327 32.221316
327 33.08895
327 32.78816
327 34.045402
328 35.632251
328 33.620664
328 34.574352
328 34.702642
328 36.578833
328 34.264876
328 33.881585
328 33.621848
328 33.835401
328 34.266061
329 33.773032
329 34.246719
329 34.39672
329 33.113425
329 33.581584
329 33.146583
329 33.878428
329 33.092504
329 58.655371
329 35.284881
330 32.505528
330 32.893555
330 34.476851
330 37.236863
330 37.667917
330 38.293182
330 37.3991
330 35.746725
330 33.958559
330 32.266316
331 33.450926
331 33.101582
331 34.196587
331 34.627247
331 35.258828
331 34.437772
331 34.221061
331 36.182911
331 33.630137
331 33.966849
332 33.190398
332 33.640006
332 33.516848
332 33.788033
332 33.453689
332 33.634874
332 34.177639
332 34.077771
332 33.815269
332 33.901717
333 35.102512
333 34.595273
333 35.69304
333 35.655935
333 33.585927
333 33.964481
333 34.31264
333 34.488693
333 34.783958
333 33.869348
334 34.556193
334 33.915533
334 34.38843
334 35.160538
334 49.484412
334 34.613825
334 36.179753
334 33.817637
334 34.433825
334 34.716457
335 34.824221
335 34.384877
335 35.016853
335 34.932774
335 35.36975
335 35.434487
335 36.0787
335 35.821725
335 35.665409
335 38.093445
336 40.889772
336 39.847663
336 39.849242
336 39.038844
336 39.387003
336 41.815828
336 39.439108
336 45.425316
336 39.92582
336 39.290292
337 37.716075
337 37.446864
337 38.22884
337 36.689754
337 39.108317
337 36.84765
337 37.049362
337 35.341723
337 35.190539
337 35.178302
338 35.471197
338 35.373302
338 35.329881
338 35.327118
338 35.400145
338 35.256855
338 35.42146
338 35.712382
338 35.634224
338 34.806853
339 36.319885
339 36.850414
339 36.845282
339 36.560675
339 36.751334
339 37.176072
339 38.892001
339 38.13884
339 37.5266
339 37.304363
340 36.866203
340 37.765022
340 36.167122
340 36.2812
340 37.237257
340 36.413833
340 36.270148
340 36.75844
340 36.105937
340 36.595413
341 36.807387
341 38.157788
341 36.761597
341 39.728057
341 36.967256
341 39.85832
341 36.1762
341 36.613176
341 38.14555
341 37.694364
342 36.040411
342 36.594623
342 38.118708
342 37.368705
342 36.226727
342 36.301333
342 36.186464
342 36.46357
342 39.382266
342 36.710676
343 36.83344
343 36.659755
343 37.083703
343 37.680943
343 37.413705
343 37.207257
343 38.292787
343 38.294761
343 37.772522
343 37.396336
344 40.187532
344 39.393713
344 40.124375
344 38.762526
344 40.030821
344 45.912819
344 38.354762
344 38.430946
344 38.617263
344 38.994633
345 43.201361
345 36.481333
345 38.105287
345 38.507131
345 40.400691
345 38.239104
345 38.252129
345 38.269893
345 39.912795
345 43.977021
346 40.459902
346 36.882782
346 36.960151
346 46.161504
346 37.591733
346 37.925286
346 38.08634
346 39.477004
346 38.391472
346 37.181204
347 38.408841
347 39.056212
347 40.281875
347 38.541079
347 38.790553
347 38.380025
347 38.443578
347 38.685947
347 39.434371
347 38.776343
348 38.851343
348 37.488705
348 38.175945
348 38.340946
348 37.644233
348 38.218972
348 42.856359
348 38.582525
348 37.496205
348 38.00305
349 38.522131
349 39.175028
349 39.342397
349 39.36845
349 39.051475
349 39.512529
349 39.717399
349 39.162397
349 39.721741
349 38.988317
350 40.804903
350 40.184769
350 38.875027
350 39.349897
350 40.595297
350 46.885454
350 48.972831
350 46.790717
350 38.939764
350 39.030948
351 41.209115
351 39.328581
351 39.45016
351 39.576872
351 39.540161
351 38.289235
351 41.363853
351 38.847
351 39.143844
351 40.343059
352 44.799656
352 45.800713
352 45.486502
352 45.216106
352 45.186106
352 45.287948
352 45.141895
352 44.997815
352 45.028604
352 44.722683
353 40.987273
353 40.812404
353 41.490564
353 42.631359
353 40.50135
353 40.136611
353 39.906084
353 40.581481
353 42.150567
353 40.819509
354 40.574771
354 41.015693
354 41.014904
354 40.833719
354 40.980562
354 40.816351
354 40.612271
354 41.76767
354 43.449651
354 42.717806
355 41.031089
355 45.955056
355 43.801757
355 41.20201
355 41.553327
355 41.010562
355 41.867539
355 41.925566
355 40.993194
355 40.965562
356 40.576349
356 39.959768
356 40.91464
356 40.134242
356 40.821088
356 40.260164
356 41.320432
356 40.538849
356 41.610959
356 40.601218
357 45.817292
357 41.070168
357 41.839513
357 41.292011
357 42.634516
357 42.424515
357 41.755433
357 41.874644
357 42.284383
357 41.969777
358 42.588331
358 42.146619
358 41.636618
358 42.5532
358 42.5757
358 43.771758
358 45.979135
358 42.725306
358 46.625322
358 47.17835
359 43.946626
359 42.405568
359 43.275571
359 43.01307
359 43.260176
359 42.858333
359 43.045044
359 43.086097
359 42.778201
359 42.201488
360 45.447422
360 46.946244
360 51.002971
360 51.227577
360 46.227425
360 44.682814
360 44.233207
360 44.920841
360 45.35308
360 44.857683
361 43.125571
361 43.322939
361 43.66202
361 43.475703
361 44.692683
361 44.756235
361 45.385843
361 43.884258
361 43.730705
361 43.960442
362 43.652941
362 43.233335
362 43.948995
362 44.22176
362 44.168864
362 43.9786
362 45.792818
362 43.718468
362 43.19544
362 46.005188
363 44.584129
363 44.487023
363 46.658874
363 44.948867
363 44.295576
363 43.933205
363 43.176098
363 43.129913
363 43.653336
363 44.592419
364 43.991627
364 43.673468
364 44.123865
364 43.402282
364 43.305571
364 43.485177
364 44.016101
364 43.355309
364 43.587809
364 43.984127
365 44.862025
365 44.214259
365 44.735709
365 49.612703
365 44.244654
365 44.827288
365 45.936898
365 43.96518
365 44.248996
365 47.067034
366 45.329396
366 44.647682
366 44.444392
366 45.330975
366 44.494919
366 45.640844
366 45.659396
366 46.968744
366 45.465186
366 45.115448
367 47.598747
367 47.221771
367 47.434536
367 46.843613
367 47.768089
367 46.963612
367 46.809664
367 46.359268
367 46.720454
367 46.739006
368 52.19666
368 52.336398
368 53.085611
368 52.667584
368 53.047321
368 52.929689
368 69.23594
368 52.37824
368 52.975874
368 53.144822
369 48.298618
369 46.939534
369 47.7748
369 47.066244
369 47.289667
369 47.240324
369 46.173346
369 46.946244
369 46.982165
369 46.938349
370 47.034271
370 46.002819
370 45.546897
370 46.189925
370 45.478607
370 45.553213
370 47.328746
370 45.923082
370 46.589006
370 48.792436
371 50.774023
371 46.401505
371 46.662427
371 47.932301
371 47.162955
371 48.421776
371 48.794409
371 46.814797
371 46.782822
371 46.901638
372 46.490716
372 46.577953
372 46.431899
372 46.144136
372 46.256241
372 46.690454
372 46.06203
372 48.235065
372 46.506506
372 46.065583
373 48.752962
373 64.00131399999999
373 81.75388599999999
373 53.176401
373 46.90006
373 49.997967
373 49.685335
373 47.503615
373 48.128091
373 48.041249
374 48.870199
374 47.631905
374 48.41625
374 47.974537
374 47.901117
374 48.589146
374 47.125061
374 47.432167
374 47.497694
374 46.748874
375 49.007174
375 48.525592
375 48.162433
375 48.410724
375 49.774545
375 48.874147
375 48.918752
375 48.190855
375 49.214017
375 48.722172
376 51.543368
376 53.366665
376 52.081791
376 55.345094
376 56.45352
376 51.846133
376 54.691407
376 54.017588
376 52.231397
376 50.389153
377 49.010726
377 48.601777
377 48.899805
377 51.916001
377 50.901918
377 51.959817
377 48.314408
377 48.14388
377 49.109805
377 50.658365
378 48.859542
378 48.959015
378 50.177179
378 49.894151
378 49.481649
378 50.12231
378 49.013489
378 49.318228
378 49.110595
378 49.530597
379 56.041807
379 49.58586
379 49.60915
379 51.177446
379 50.511127
379 49.950598
379 52.855084
379 53.061138
379 50.481916
379 53.625218
380 49.913098
380 50.575075
380 51.204288
380 51.230736
380 72.923587
380 52.042317
380 53.114032
380 53.42706
380 50.557706
380 54.349564
381 59.399058
381 51.478236
381 50.217442
381 51.279683
381 50.194152
381 49.434676
381 52.398371
381 50.436127
381 53.71364
381 50.70376
382 49.626913
382 50.491785
382 49.971519
382 50.285337
382 49.787571
382 50.399416
382 49.70586
382 50.59639
382 54.578512
382 50.301521
383 52.661268
383 53.270349
383 52.278371
383 53.594034
383 55.471805
383 52.812453
383 53.740088
383 54.971672
383 51.415472
383 54.3918
384 81.89875499999999
384 82.50230999999999
384 82.382704
384 86.90798599999999
384 83.038365
384 82.462836
384 82.6606
384 82.34875700000001
384 82.55441500000001
384 88.361018
385 52.250345
385 53.668245
385 52.81561
385 51.40521
385 51.804685
385 53.158243
385 51.337709
385 52.02337
385 53.87864
385 51.846922
386 51.58521
386 53.90193
386 53.043374
386 51.601395
386 51.844158
386 51.338499
386 52.429161
386 53.681271
386 53.99272
386 71.870819
387 55.009566
387 57.39734
387 52.926927
387 60.35472
387 53.965878
387 57.043259
387 56.562862
387 55.910755
387 54.721407
387 56.057991
388 55.136278
388 55.646279
388 77.714133
388 52.852715
388 52.63403
388 53.523377
388 52.864558
388 52.142186
388 53.88101
388 54.739171
389 55.178909
389 59.015373
389 54.457328
389 59.46498
389 56.035492
389 56.266808
389 54.640091
389 74.01977599999999
389 57.735235
389 56.144834
390 56.893653
390 57.904578
390 54.847724
390 54.752197
390 55.897333
390 58.692082
390 57.515367
390 55.453647
390 72.711217
390 55.624174
391 55.602068
391 55.35891
391 57.94721
391 55.371542
391 56.480757
391 92.24919199999999
391 72.32397899999999
391 62.012622
391 132.776199
391 160.768288
392 59.158663
392 58.856687
392 58.434712
392 58.313528
392 58.833003
392 77.90637
392 61.913147
392 105.74609
392 102.209233
392 72.158584
393 88.782599
393 82.32980999999999
393 73.817275
393 74.78635800000001
393 85.235874
393 74.680173
393 65.09671299999999
393 60.678011
393 66.160928
393 60.473536
394 63.498811
394 64.99566
394 64.199473
394 69.168835
394 83.14455
394 85.22047999999999
394 106.873463
394 86.62693299999999
394 85.045215
394 84.969426
395 104.41582
395 79.631377
395 90.413263
395 72.886087
395 135.627396
395 122.334973
395 174.75466
395 70.290682
395 75.256096
395 73.944776
396 76.499522
396 68.21120000000001
396 64.694869
396 65.342635
396 74.52148800000001
396 81.724281
396 69.534363
396 67.413433
396 67.392512
396 88.391808
397 89.315495
397 81.34730500000001
397 68.895281
397 82.625469
397 68.92646499999999
397 65.72158399999999
397 77.442553
397 66.72382500000001
397 61.867358
397 68.906334
398 63.307364
398 60.148271
398 60.95788
398 63.235916
398 64.570921
398 62.146833
398 66.56079800000001
398 63.472365
398 64.25671
398 86.80259100000001
399 79.284797
399 68.25383100000001
399 82.49954700000001
399 113.485331
399 85.721797
399 73.550827
399 70.569367
399 64.88000099999999
399 84.609424
399 63.235915
